00b00193
00000033
00000033
0c01cc63
00000033
00000033
0c018663
00000033
00000033
00200093
00000033
00000033
0c118663
00000033
00000033
00300233
00000033
00000033
00300133
00000033
00000033
00128293
00000033
00000033
fff10113
00000033
00000033
004001b3
00000033
00000033
0300006f
00000033
00000033
fc111ee3
00000033
00000033
0780006f
00000033
00000033
00320233
00000033
00000033
002003b3
00000033
00000033
fff38393
00000033
00000033
00320233
00000033
00000033
fe5394e3
00000033
00000033
fadff06f
00000033
00000033
00100213
00000033
00000033
0180006f
00000033
00000033
00200213
00000033
00000033
0000006f
00000033
00000033